sampleID	SP_162SPI_T016	SP_189SPI_T016	SP_161SPI_T016	SP_191SPI_T016	SP_164SPI_T016	SP_143SPI_T016	SP_101SPI_T016	SP_163SPI_T016	SP_105SPI_T016	SP_186SPI_T016_R	SP_124SPI_T016	SP_122SPI_T016	SP_132SPI_T016	SP_123SPI_T016	SP_187SPI_T016	SP_129SPI_T016	SP_184SPI_T016	SP_104SPI_T016	SP_148SPI_T016	SP_401SPI_T016	SP_144SPI_T016	SP_305SPI_T016	SP_323SPI_T016	SP_384SPI_T016	SP_304SPI_T016	SP_321SPI_T016	SP_363SPI_T016_R	SP_326SPI_T016	SP_383SPI_T016	SP_325SPI_T016	SP_385SPI_T016	SP_303SPI_T016	SP_387SPI_T016	SP_344SPI_T016_R	SP_343SPI_T016	SP_324SPI_T016	SP_601SPI_T016	SP_302SPI_T016	SP_382SPI_T016	SP_386SPI_T016	SP_361SPI_T016	SP_389SPI_T016	SP_345SPI_T016	SP_322SPI_T016	SP_283SPI_T016	SP_502SPI_T016	SP_264SPI_T016	SP_281SPI_T016	SP_285SPI_T016	SP_201SPI_T016	SP_287SPI_T016	SP_125SPI_T016	SP_261SPI_T016	SP_224SPI_T016	SP_242SPI_T016	SP_243SPI_T016	SP_286SPI_T016	SP_230SPI_T016	SP_282SPI_T016	SP_222SPI_T016	SP_262SPI_T016	SP_284SPI_T016	SP_381SPI_T016	SP_602SPI_T016
SP_162SPI_T016	0.0	0.779869137346	0.784792198384	0.773856729948	0.75066297643	0.820549078981	0.930511590402	0.742968113584	0.849326735355	0.70478665732	0.857891064016	0.877175359256	0.849544543603	0.816090048095	0.723040962278	0.863374753328	0.910214643648	0.942342085738	0.735109673706	0.733098228373	0.983879047613	0.948183398135	0.866721348437	0.900947792649	0.905980975121	0.869988384407	0.864679661838	0.893893340508	0.905389130761	0.716822772294	0.848876430911	0.940903972764	0.778544939575	0.959703676716	0.94655955453	0.888185119058	0.813570160533	0.882905594778	0.907993213491	0.896308188348	0.844517504183	0.839333252604	0.942921255274	0.979256881849	0.899281839547	0.843544734773	0.936110599545	0.737952378312	0.82446006946	0.893101436188	0.85981760073	0.898289780214	0.940829214096	0.691618371443	0.851127684879	0.802216967486	0.850974844262	0.82740355491	0.799866107226	0.879725728275	0.950883691135	0.844906257169	0.817010908545	0.793944640032
SP_189SPI_T016	0.779869137346	0.0	0.897904029462	0.983162711999	0.981903585234	0.863371747045	0.973348933214	0.857968253507	0.925062901404	0.912610398791	0.942535081766	0.936525178833	0.971358402161	0.907159979418	0.835271184929	0.893931408668	0.947296465592	0.894416577757	0.946781339446	0.960244415177	0.908227281026	0.895826068299	0.855942291382	0.894098244421	0.674771955861	0.851209110856	0.901405826984	0.804967049217	0.888825146828	0.752303066334	0.817298741471	0.889928761267	0.835727035571	0.908606661758	0.973937902116	0.890015824196	0.876577331386	0.865839132539	0.884167417598	0.789155170857	0.945561980288	0.858689256672	0.939362199939	0.977075903405	0.917618639345	0.873818267754	0.920056614726	0.769754661476	0.679691279148	0.766644342188	0.859324654921	0.732537788305	0.880107667166	0.894710473474	0.940959791912	0.88952922215	0.920615854488	0.859155817412	0.864115649523	0.975527938875	0.980393231096	0.975948440652	0.994912349543	0.987714151504
SP_161SPI_T016	0.784792198384	0.897904029462	0.0	0.896630364685	0.809823659947	0.882425841042	0.946610846372	0.887461138491	0.796129700822	0.877506374092	0.79677015161	0.825318484212	0.82468397821	0.812855945206	0.821589737875	0.988953229793	0.875204978074	0.99346921902	0.849219288139	0.819472640828	0.980514941957	0.995919926819	0.971833666993	0.970998149483	0.986900519599	0.962534459654	0.854910601471	0.9882723373	0.975538911125	0.888753855827	0.96438763921	0.996250779807	0.996085235412	0.989811853859	0.998307948875	0.997497133729	0.98857070694	0.981506843176	0.989726181058	0.996795233719	0.984608758516	0.915900169103	0.973989298199	0.999962981682	0.766184917582	0.989594304579	0.994858025383	0.955050923198	0.974559782065	0.991995114506	0.984108261461	0.986976385589	0.967301009862	0.914788533632	0.931232780979	0.909214857094	0.978408195333	0.966666448802	0.982417234477	0.998896142661	0.999738278523	0.940484754967	0.915429153377	0.934896946185
SP_191SPI_T016	0.773856729948	0.983162711999	0.896630364685	0.0	0.865520433404	0.884455140036	0.645639924834	0.971941394501	0.891409460574	0.952093599621	0.787591218284	0.775946166415	0.791224262301	0.953468381776	0.975657817617	0.99171618656	0.972307883633	0.99665748472	0.957663828806	0.869679398201	0.999998947826	0.996264133515	0.990814339779	0.989297349769	0.99578640653	0.989622213747	0.951115278308	0.991291221301	0.996605564459	0.990421103309	0.991386009533	0.997563348104	0.992131924055	0.994889026701	0.998818221419	0.998052636984	0.990662541084	0.992644261192	0.99508469833	0.996993222891	0.992947248867	0.866788837149	0.995838485501	1.0	0.977809965525	0.990229090608	0.991197275934	0.982732352465	0.989017742715	0.990354345134	0.992988004688	0.990405224936	0.988290386959	0.955456167548	0.966503907096	0.996342060235	0.997416114538	0.983405533165	0.992094088233	0.994123181119	0.998911676266	0.953453794884	0.416476125947	0.913911286084
SP_164SPI_T016	0.75066297643	0.981903585234	0.809823659947	0.865520433404	0.0	0.981261278	0.79043371032	0.938088216285	0.727787845885	0.724170203715	0.684197352913	0.755058531147	0.609930659376	0.878192771904	0.925809452037	0.994142806441	0.846526379495	0.998362286656	0.711254432109	0.641782825963	0.944200599264	0.997863062783	0.996909288242	0.993688956351	0.99807023788	0.995851279014	0.812577130249	0.997235347275	0.998409047009	0.996851535714	0.994297453667	0.998347397163	0.998199162715	0.993387420166	0.998274292421	0.998866553194	0.996124866907	0.998849796211	0.99060127447	0.998097686193	0.993751095958	0.744762944839	0.995321483608	1.0	0.967299011972	0.997158900746	0.997551144571	0.987568558073	0.995118641548	0.997342090876	0.998028418489	0.991008280883	0.874936021902	0.6993864018	0.9166024505	0.738002965866	0.99732827369	0.990624494041	0.998877652987	0.999872688448	0.999982800188	0.898781828854	0.860864960016	0.766679438726
SP_143SPI_T016	0.820549078981	0.863371747045	0.882425841042	0.884455140036	0.981261278	0.0	0.866384958945	0.79698067355	0.977364707365	0.870309469018	0.913878948869	0.850482756278	0.888575764826	0.932206973849	0.713833629748	0.870439602713	0.898964869117	0.911237389013	0.896157180657	0.95557592282	0.974552577083	0.920670824183	0.770186749914	0.805996039702	0.921640472495	0.875189742531	0.74428580142	0.954420577806	0.879420573825	0.718605066493	0.836033020556	0.929627940891	0.702618677178	0.965542992092	0.937000775611	0.954516384328	0.864230452735	0.892218738052	0.944538685327	0.907426924111	0.878232024847	0.931518897408	0.966533757096	0.979766896755	0.887788183534	0.902052648677	0.882032177088	0.81279883243	0.797939574051	0.928201269306	0.86442073508	0.933373364194	0.946433058138	0.786408104537	0.901222339255	0.956962542901	0.775679672439	0.874520074776	0.853237042165	0.898458620897	0.984141610364	0.940627070141	0.890861342765	0.982692402584
SP_101SPI_T016	0.930511590402	0.973348933214	0.946610846372	0.645639924834	0.79043371032	0.866384958945	0.0	0.969424683032	0.94175171998	0.836386937923	0.792237473059	0.778595467295	0.795245243675	0.937131851664	0.946774273851	0.99233796401	0.931789911637	0.995435429667	0.970203964214	0.849186563169	0.979483208678	0.995225998331	0.986057351604	0.967059302064	0.996943819159	0.971786932642	0.855132830472	0.993076865253	0.998906852137	0.967527960054	0.985846599229	0.996451220018	0.993504766446	0.996618118937	0.998611555557	0.998763873078	0.99232228229	0.994503870569	0.999016697408	0.99718334902	0.998893374437	0.99292102793	0.984640472958	0.999772718339	0.983650300329	0.996695383144	0.994704431397	0.98042674313	0.971268101698	0.995290494851	0.997276242323	0.992694807062	0.986887268152	0.940010013104	0.962209883441	0.978219773374	0.969237212317	0.997250467617	0.99900539236	0.999709207764	0.980460669454	0.910316992087	0.608295414272	0.882515016914
SP_163SPI_T016	0.742968113584	0.857968253507	0.887461138491	0.971941394501	0.938088216285	0.79698067355	0.969424683032	0.0	0.94378396077	0.816959956603	0.937189782344	0.898915816913	0.92154031675	0.898673153681	0.81199443555	0.828533601861	0.849660334585	0.878505181576	0.882095100373	0.954593243892	0.880318954145	0.817230889723	0.790197723878	0.79990930043	0.677681053543	0.793771351551	0.868589208273	0.744988924507	0.825935433335	0.773501455831	0.777491716141	0.850452091672	0.735435927621	0.881797759018	0.886288967902	0.816514942593	0.765651372576	0.827357381412	0.831996472091	0.759713172161	0.425164075701	0.910438087984	0.932341734142	0.954911606045	0.946757187484	0.729039815038	0.676152746368	0.688844673851	0.75752871454	0.728298536981	0.689470710586	0.705276860893	0.852936916848	0.738839977596	0.843312876418	0.890112177028	0.815885358957	0.645642005761	0.780802158096	0.870631261203	0.926351936037	0.909181579468	0.987687195079	0.98091977177
SP_105SPI_T016	0.849326735355	0.925062901404	0.796129700822	0.891409460574	0.727787845885	0.977364707365	0.94175171998	0.94378396077	0.0	0.918512905869	0.462150490859	0.555288506898	0.846190642666	0.893141440311	0.921313771744	0.992887027512	0.919464868014	0.995822650392	0.911259560324	0.850800034696	0.988459482376	0.997468690684	0.988396110716	0.985881443572	0.997413464479	0.995053275504	0.963007140998	0.99299514509	0.997130242525	0.989692065692	0.98781680265	0.995999108413	0.998019290886	0.993757162246	0.998536069519	0.998198963892	0.99502205822	0.997441565246	0.990130654289	0.992385618929	0.98716577148	0.944316895098	0.994055843212	1.0	0.951583960289	0.997091461116	0.996130389947	0.970597700331	0.987422244076	0.995172003922	0.994639955768	0.987573536274	0.963736032261	0.914551570297	0.955826480928	0.950037847898	0.988720767106	0.989292435008	0.998276631136	1.0	0.999943733159	0.965756195427	0.845613304399	0.887084123971
SP_186SPI_T016_R	0.70478665732	0.912610398791	0.877506374092	0.952093599621	0.724170203715	0.870309469018	0.836386937923	0.816959956603	0.918512905869	0.0	0.916203015214	0.837123225981	0.795755489876	0.889972947905	0.834882432596	0.742208734024	0.843328739391	0.926878579209	0.687842441513	0.837729936251	0.968558525707	0.927084549119	0.875920183218	0.734486634927	0.798515688325	0.754897232308	0.707901010208	0.76700451701	0.835889843722	0.883228077777	0.763985981108	0.928712333376	0.81782074818	0.935256506746	0.841317175621	0.756144860531	0.8100036539	0.851720329605	0.739323400473	0.845472648637	0.785303542025	0.962748169347	0.762804805316	0.954684928588	0.961136338661	0.735144322253	0.879127187826	0.787772970239	0.901538007107	0.924152580755	0.853340206369	0.756142704701	0.906961766649	0.759770930606	0.756212264076	0.771094358633	0.897695731818	0.828125370745	0.879734666987	0.897082137018	0.942443807446	0.805798233041	0.955931631482	0.789895647294
SP_124SPI_T016	0.857891064016	0.942535081766	0.79677015161	0.787591218284	0.684197352913	0.913878948869	0.792237473059	0.937189782344	0.462150490859	0.916203015214	0.0	0.539416124058	0.556137934351	0.873692690926	0.939469314016	0.997529483769	0.896703522866	0.998117921352	0.903656878496	0.745203144108	0.987627688808	0.997675324189	0.991853082883	0.986374329351	0.997573094722	0.994355885845	0.951962816752	0.995439701816	0.996832466345	0.994197514118	0.991972931227	0.997735314832	0.998404606561	0.991251862422	0.998894202267	0.998654885369	0.996552976992	0.996406780041	0.990956266376	0.998631134739	0.997028409675	0.960626966249	0.993845755484	1.0	0.952601148633	0.997698542106	0.997646826593	0.955563731897	0.989694337366	0.994694188617	0.996386635483	0.992691691318	0.972389802283	0.923281856143	0.963410028883	0.958579908578	0.993355717504	0.989625017453	0.998592105946	1.0	0.99997706123	0.910946240786	0.756747206223	0.880908697381
SP_122SPI_T016	0.877175359256	0.936525178833	0.825318484212	0.775946166415	0.755058531147	0.850482756278	0.778595467295	0.898915816913	0.555288506898	0.837123225981	0.539416124058	0.0	0.707463021654	0.903870951202	0.92017793066	0.908893441063	0.90682375093	0.926321093789	0.908395481616	0.825588362794	0.943694720824	0.901464828112	0.913273841397	0.858650884212	0.913561551324	0.86322793827	0.875546375427	0.959660908511	0.904473834651	0.922675676478	0.885150086846	0.91566179756	0.942566953479	0.921158495258	0.895593404893	0.923414139223	0.903323621782	0.882867679649	0.921185888721	0.927592166157	0.921078512032	0.936828144317	0.938687308169	0.921847885378	0.951994728932	0.947778691289	0.885297234417	0.906045408262	0.931933430095	0.964591472455	0.885658456719	0.912247058845	0.874007574481	0.849952065229	0.90273698836	0.971935664971	0.965938097584	0.903160516475	0.921585108448	0.942923240567	0.945381262273	0.956345747063	0.67282644502	0.803800835705
SP_132SPI_T016	0.849544543603	0.971358402161	0.82468397821	0.791224262301	0.609930659376	0.888575764826	0.795245243675	0.92154031675	0.846190642666	0.795755489876	0.556137934351	0.707463021654	0.0	0.869574584044	0.923007193138	0.996197879891	0.812662892587	0.996863113644	0.737366524018	0.801491280067	0.940289214782	0.996784624168	0.987604456134	0.989785931657	0.987609401241	0.986956754021	0.796599923546	0.99426445834	0.979738641385	0.993837594129	0.986944006897	0.996107207076	0.997372638829	0.990880170455	0.998893348279	0.997364812605	0.995769486579	0.970399384988	0.970697115885	0.996018021308	0.997277723973	0.733016890154	0.931133912919	1.0	0.943490558291	0.978227910993	0.996877897717	0.960551937577	0.993089488041	0.986913868268	0.985444376696	0.986004319112	0.879680644389	0.789329556496	0.933193647632	0.731331555373	0.992014853076	0.963559383795	0.982661117434	1.0	0.950868895547	0.900267332347	0.793486423939	0.831463375647
SP_123SPI_T016	0.816090048095	0.907159979418	0.812855945206	0.953468381776	0.878192771904	0.932206973849	0.937131851664	0.898673153681	0.893141440311	0.889972947905	0.873692690926	0.903870951202	0.869574584044	0.0	0.59518442259	0.985779710098	0.89356178401	0.992607068391	0.863522155493	0.874247168678	0.975570205623	0.988706725606	0.984293630329	0.967640969696	0.984633115481	0.958607584712	0.916798705322	0.990077630115	0.984793150186	0.95163432352	0.980164194123	0.990898360184	0.989715488841	0.989700455233	0.991034989235	0.992507609483	0.988325123637	0.981258642743	0.980524820035	0.986800453921	0.97940642584	0.944532444829	0.98532088411	0.994178517669	0.900650940308	0.989154132905	0.988486179951	0.974902478577	0.988639363223	0.989438575341	0.981453651789	0.979572425259	0.95147495133	0.893889086235	0.951245193151	0.869548624798	0.989074283042	0.97639664118	0.984689432182	0.995255529896	0.994516366756	0.922491324606	0.942508498022	0.953033377676
SP_187SPI_T016	0.723040962278	0.835271184929	0.821589737875	0.975657817617	0.925809452037	0.713833629748	0.946774273851	0.81199443555	0.921313771744	0.834882432596	0.939469314016	0.92017793066	0.923007193138	0.59518442259	0.0	0.877043251481	0.881872707341	0.939131165201	0.900731502391	0.913238512079	0.986080429434	0.952120907724	0.816555934984	0.88227105736	0.928357913925	0.880646121781	0.786100885745	0.940184398326	0.940561440906	0.633621155574	0.86622392927	0.956530439193	0.812051441081	0.962862809919	0.969909520102	0.931961404625	0.87811960891	0.905388886821	0.942996617688	0.944451479296	0.898697714957	0.94004954062	0.967832463605	0.999620586548	0.852732799901	0.911201979663	0.910640427978	0.775473305308	0.763673046573	0.927807874592	0.884908951065	0.929925661205	0.944559790441	0.733090975138	0.909666959756	0.884616703109	0.774818844085	0.867069722689	0.835252091482	0.944642144932	0.988677280477	0.935218963428	0.984745776421	0.951799162827
SP_129SPI_T016	0.863374753328	0.893931408668	0.988953229793	0.99171618656	0.994142806441	0.870439602713	0.99233796401	0.828533601861	0.992887027512	0.742208734024	0.997529483769	0.908893441063	0.996197879891	0.985779710098	0.877043251481	0.0	0.96813441347	0.918148289291	0.991951925897	0.995343374185	0.935044856697	0.869884365735	0.881456698555	0.538966595209	0.709668845482	0.522572280669	0.936955276999	0.397580192165	0.690574054228	0.826884226713	0.738953592952	0.90166188811	0.618370465507	0.867697396847	0.773592687859	0.483883212243	0.718698571102	0.688072299748	0.537625036667	0.815493363163	0.74695635054	0.968616959003	0.719083401782	0.861744924794	0.989122863756	0.555282598876	0.862291525986	0.654792361379	0.86053954014	0.929369934044	0.766340008479	0.747112892943	0.862961090455	0.824780431953	0.849730802858	0.989268177286	0.928305929874	0.768217261074	0.718354678864	0.874738278294	0.877348318908	0.964147789553	0.999196516639	0.994049101667
SP_184SPI_T016	0.910214643648	0.947296465592	0.875204978074	0.972307883633	0.846526379495	0.898964869117	0.931789911637	0.849660334585	0.919464868014	0.843328739391	0.896703522866	0.90682375093	0.812662892587	0.89356178401	0.881872707341	0.96813441347	0.0	0.971135397506	0.755664527917	0.898569638478	0.829266555026	0.974655629384	0.947348347689	0.953061624073	0.960231395506	0.949475935587	0.9069213279	0.966271218538	0.938782836782	0.9511892742	0.955338678786	0.972415694084	0.977141125795	0.973975117263	0.987900676859	0.97129769449	0.95909505662	0.957998816128	0.960938842645	0.960123011817	0.951211659118	0.91058016945	0.97038426664	0.997135759459	0.956026028238	0.959757384677	0.963614401281	0.943247929516	0.957877170224	0.96705095919	0.952640863475	0.96113763158	0.880728379794	0.818913090915	0.912561930086	0.86352429979	0.964454738125	0.934332472319	0.951279171046	0.983692616813	0.940170228045	0.9485817908	0.969977375652	0.965296628634
SP_104SPI_T016	0.942342085738	0.894416577757	0.99346921902	0.99665748472	0.998362286656	0.911237389013	0.995435429667	0.878505181576	0.995822650392	0.926878579209	0.998117921352	0.926321093789	0.996863113644	0.992607068391	0.939131165201	0.918148289291	0.971135397506	0.0	0.986989596751	0.999491038528	0.714970125378	0.243020738524	0.853058087024	0.755045690329	0.814909008976	0.653436248015	0.888916496171	0.880996145992	0.370704094394	0.908302878867	0.7088613	0.448014748257	0.91544338869	0.420676342983	0.537479637757	0.691790598455	0.521474225734	0.498861844095	0.826504180408	0.844499079565	0.909895347811	0.773633503359	0.970137210632	0.659497354773	0.987465488113	0.78816440801	0.387294404995	0.864319249367	0.920417536321	0.959857008688	0.494555553398	0.881072717839	0.498679306656	0.8275176	0.920704103648	0.997574	0.939814756578	0.901228465616	0.8824956	0.780466258509	0.637741367871	0.96353159944	1.0	0.998141028197
SP_148SPI_T016	0.735109673706	0.946781339446	0.849219288139	0.957663828806	0.711254432109	0.896157180657	0.970203964214	0.882095100373	0.911259560324	0.687842441513	0.903656878496	0.908395481616	0.737366524018	0.863522155493	0.900731502391	0.991951925897	0.755664527917	0.986989596751	0.0	0.807559570377	0.861964119909	0.986524267103	0.974371205137	0.960663799143	0.989459891976	0.978782557917	0.866522739559	0.995115639033	0.956249720556	0.989713848666	0.975180560934	0.984793387429	0.993751516674	0.984295609734	0.984951759146	0.99915332289	0.983736109382	0.971056212567	0.994401057463	0.990224817189	0.995862052934	0.833157772283	0.974080387213	0.985286650459	0.936064810369	0.992016404835	0.984226179724	0.988059061336	0.995605705251	0.993993729372	0.97343957731	0.993334743321	0.86721196651	0.813102509258	0.895923843647	0.605931233345	0.992690142572	0.956494194927	0.983396939365	0.983284539334	0.985350160525	0.914059066984	0.959618797451	0.736763530488
SP_401SPI_T016	0.733098228373	0.960244415177	0.819472640828	0.869679398201	0.641782825963	0.95557592282	0.849186563169	0.954593243892	0.850800034696	0.837729936251	0.745203144108	0.825588362794	0.801491280067	0.874247168678	0.913238512079	0.995343374185	0.898569638478	0.999491038528	0.807559570377	0.0	0.977295142163	0.998384290287	0.993864455765	0.992253202557	0.998007970334	0.999705211367	0.794202002413	0.997516329529	0.999842578906	0.996993099452	0.987175793966	0.999588194044	1.0	0.998226567045	0.998191042028	1.0	0.996777395075	0.998180011178	0.990544547736	0.999505726572	0.996421308841	0.898423035527	0.994882983909	1.0	0.941978187259	1.0	0.999798422763	0.987922456665	0.99564724094	0.998180264422	0.999649697208	0.994692101637	0.961891637589	0.894520531875	0.940040427354	0.871635010817	0.994286538651	0.990011220096	1.0	1.0	1.0	0.767708533939	0.877304465648	0.846639988338
SP_144SPI_T016	0.983879047613	0.908227281026	0.980514941957	0.999998947826	0.944200599264	0.974552577083	0.979483208678	0.880318954145	0.988459482376	0.968558525707	0.987627688808	0.943694720824	0.940289214782	0.975570205623	0.986080429434	0.935044856697	0.829266555026	0.714970125378	0.861964119909	0.977295142163	0.0	0.714274442818	0.937217686198	0.790360464149	0.85656583965	0.809254193873	0.8969442849	0.924652798404	0.688907018517	0.969387778196	0.818074837278	0.705360920648	0.925639097847	0.718789648426	0.812437403605	0.824517396529	0.771967296846	0.716260703278	0.872794008221	0.881067221719	0.938376069964	0.822500026627	0.976651045635	0.834423591186	0.996082401404	0.837494908893	0.80514610279	0.889535307055	0.957850521017	0.997706174392	0.807009917454	0.957562683196	0.664257854177	0.849641288888	0.920466597991	0.886755659851	0.992380687885	0.943081722463	0.931973043107	0.761862322475	0.732515801868	1.0	0.998551536927	0.997989258708
SP_305SPI_T016	0.948183398135	0.895826068299	0.995919926819	0.996264133515	0.997863062783	0.920670824183	0.995225998331	0.817230889723	0.997468690684	0.927084549119	0.997675324189	0.901464828112	0.996784624168	0.988706725606	0.952120907724	0.869884365735	0.974655629384	0.243020738524	0.986524267103	0.998384290287	0.714274442818	0.0	0.793071064761	0.706167135012	0.710601691715	0.65297267874	0.918381968064	0.823429334305	0.340238089094	0.891449161764	0.642227052381	0.36471900486	0.85058276199	0.38947180703	0.501060989574	0.618787408849	0.461016197188	0.406945511745	0.754940354437	0.755846605055	0.837343927703	0.751815589783	0.951117787053	0.619558657299	0.992195124787	0.737019003571	0.392112250494	0.791129510812	0.84562296623	0.84556120501	0.47356609753	0.781323861462	0.416675382239	0.841139181347	0.901858555462	0.999248019562	0.884399668726	0.808790805503	0.856531274679	0.803540838823	0.605864441608	0.95548739528	0.999915174168	0.997322331853
SP_323SPI_T016	0.866721348437	0.855942291382	0.971833666993	0.990814339779	0.996909288242	0.770186749914	0.986057351604	0.790197723878	0.988396110716	0.875920183218	0.991853082883	0.913273841397	0.987604456134	0.984293630329	0.816555934984	0.881456698555	0.947348347689	0.853058087024	0.974371205137	0.993864455765	0.937217686198	0.793071064761	0.0	0.784307284601	0.80620566483	0.798030376932	0.804328952399	0.859972802675	0.835376776733	0.785296272571	0.657290418049	0.791164809842	0.776871181526	0.857157701826	0.896852006046	0.872587584527	0.824801088484	0.85697770261	0.877802736893	0.783875643004	0.812299747971	0.951015297035	0.992016296352	0.943383156271	0.950708973518	0.817032276831	0.727776760537	0.771924927341	0.619503474072	0.868375359388	0.72028475016	0.827559773145	0.893938007182	0.703565082025	0.899301972145	0.984735728543	0.594750391904	0.846432653465	0.915211671042	0.888338251574	0.947376770122	0.945290640757	0.996792199341	0.989868891538
SP_384SPI_T016	0.900947792649	0.894098244421	0.970998149483	0.989297349769	0.993688956351	0.805996039702	0.967059302064	0.79990930043	0.985881443572	0.734486634927	0.986374329351	0.858650884212	0.989785931657	0.967640969696	0.88227105736	0.538966595209	0.953061624073	0.755045690329	0.960663799143	0.992253202557	0.790360464149	0.706167135012	0.784307284601	0.0	0.680003439575	0.485416668334	0.844349324398	0.743125081018	0.553404785628	0.786258431405	0.43895650648	0.740960688006	0.622205977565	0.767798871584	0.571467308923	0.565607238265	0.573602127496	0.588603713305	0.509755390779	0.683776311061	0.721043403288	0.906415318851	0.752312149489	0.652434298072	0.973012208231	0.696429664845	0.70265934344	0.685859798788	0.853896501217	0.959367140456	0.710277597097	0.697539575006	0.723681694082	0.802507967302	0.847081638623	0.983757704993	0.919932124244	0.798554978744	0.813720741436	0.738749168686	0.732084904817	0.980845606351	0.997235026369	0.99217834725
SP_304SPI_T016	0.905980975121	0.674771955861	0.986900519599	0.99578640653	0.99807023788	0.921640472495	0.996943819159	0.677681053543	0.997413464479	0.798515688325	0.997573094722	0.913561551324	0.987609401241	0.984633115481	0.928357913925	0.709668845482	0.960231395506	0.814909008976	0.989459891976	0.998007970334	0.85656583965	0.710601691715	0.80620566483	0.680003439575	0.0	0.591908151667	0.960131652531	0.60775367271	0.654638269254	0.732603100392	0.633702678683	0.758227574977	0.755245710948	0.804738565292	0.705953343496	0.646619480719	0.701286483175	0.687581943786	0.658953583933	0.61449576199	0.571182260211	0.902331999438	0.755018602473	0.928667674283	0.992504397794	0.633157201158	0.668606655039	0.611512881345	0.78990837818	0.459828718085	0.60402869981	0.18485115647	0.812460524794	0.804150639405	0.821093198862	0.998684751278	0.880141613554	0.529226266068	0.718145381824	0.895015960473	0.908546701655	0.955306133117	0.99846393238	0.998948169925
SP_321SPI_T016	0.869988384407	0.851209110856	0.962534459654	0.989622213747	0.995851279014	0.875189742531	0.971786932642	0.793771351551	0.995053275504	0.754897232308	0.994355885845	0.86322793827	0.986956754021	0.958607584712	0.880646121781	0.522572280669	0.949475935587	0.653436248015	0.978782557917	0.999705211367	0.809254193873	0.65297267874	0.798030376932	0.485416668334	0.591908151667	0.0	0.899824183631	0.697962921589	0.471633347163	0.763147720632	0.527604381901	0.664403181234	0.608674839783	0.591571093325	0.695818107762	0.375321153036	0.582000513358	0.588439412023	0.534343427036	0.720187801008	0.729382050295	0.827787067061	0.760198501253	0.863454347731	0.965086022066	0.564197799183	0.762298633867	0.612841033514	0.833900716234	0.866314200151	0.532613846874	0.656436265644	0.731692544018	0.805624651406	0.833914489242	0.991219897805	0.897887477444	0.712792808124	0.72883863221	0.85575987631	0.83476278091	0.939997625891	0.996026874707	0.993584369147
SP_363SPI_T016_R	0.864679661838	0.901405826984	0.854910601471	0.951115278308	0.812577130249	0.74428580142	0.855132830472	0.868589208273	0.963007140998	0.707901010208	0.951962816752	0.875546375427	0.796599923546	0.916798705322	0.786100885745	0.936955276999	0.9069213279	0.888916496171	0.866522739559	0.794202002413	0.8969442849	0.918381968064	0.804328952399	0.844349324398	0.960131652531	0.899824183631	0.0	0.972068542002	0.911702119764	0.81754396002	0.838305026561	0.909700851026	0.809422973843	0.936868041378	0.929714363694	0.954165108345	0.878202172553	0.910169812975	0.963629261906	0.974113002659	0.963395727638	0.861556762816	0.988070337195	0.948999531066	0.93450470004	0.957496676173	0.886745885412	0.921026558851	0.872650019068	0.981867906871	0.905525165452	0.967195329109	0.885556542926	0.780315118526	0.944222697807	0.907464201527	0.909996374516	0.966963500047	0.953332499933	0.916503180092	0.945003366226	0.742484077637	0.95561897851	0.919532174496
SP_326SPI_T016	0.893893340508	0.804967049217	0.9882723373	0.991291221301	0.997235347275	0.954420577806	0.993076865253	0.744988924507	0.99299514509	0.76700451701	0.995439701816	0.959660908511	0.99426445834	0.990077630115	0.940184398326	0.397580192165	0.966271218538	0.880996145992	0.995115639033	0.997516329529	0.924652798404	0.823429334305	0.859972802675	0.743125081018	0.60775367271	0.697962921589	0.972068542002	0.0	0.803066937745	0.806878654438	0.681934605369	0.823150958747	0.75791053216	0.8491865553	0.881965498356	0.594594894744	0.758463956986	0.820453631403	0.621440046541	0.684099253244	0.760037184261	0.932620540884	0.745407843738	0.976867992888	0.984804157974	0.494814463434	0.781275138479	0.656620475563	0.803670314648	0.742328192096	0.73079904287	0.631144231019	0.881401412119	0.892038432329	0.887548495064	0.995290484412	0.892762362118	0.725479934625	0.868249625537	0.907805112217	0.950034828819	0.942714948734	1.0	0.996945111968
SP_383SPI_T016	0.905389130761	0.888825146828	0.975538911125	0.996605564459	0.998409047009	0.879420573825	0.998906852137	0.825935433335	0.997130242525	0.835889843722	0.996832466345	0.904473834651	0.979738641385	0.984793150186	0.940561440906	0.690574054228	0.938782836782	0.370704094394	0.956249720556	0.999842578906	0.688907018517	0.340238089094	0.835376776733	0.553404785628	0.654638269254	0.471633347163	0.911702119764	0.803066937745	0.0	0.875483870322	0.570966821452	0.3547521434	0.731077062953	0.384327455704	0.362152027578	0.487509947548	0.292431825623	0.297334942812	0.55365778008	0.755132820417	0.786157118931	0.778756397756	0.80284985624	0.569337364212	0.992028784622	0.633667100759	0.472762442082	0.712542475098	0.895949648044	0.932113081395	0.481167205229	0.764712947057	0.436438841954	0.852860107357	0.793772348749	0.999843000008	0.947274955313	0.799286834499	0.788811710559	0.707615367505	0.531044695562	0.962489196325	0.998456360843	0.998879842664
SP_325SPI_T016	0.716822772294	0.752303066334	0.888753855827	0.990421103309	0.996851535714	0.718605066493	0.967527960054	0.773501455831	0.989692065692	0.883228077777	0.994197514118	0.922675676478	0.993837594129	0.95163432352	0.633621155574	0.826884226713	0.9511892742	0.908302878867	0.989713848666	0.996993099452	0.969387778196	0.891449161764	0.785296272571	0.786258431405	0.732603100392	0.763147720632	0.81754396002	0.806878654438	0.875483870322	0.0	0.733915969434	0.911368278698	0.627971759368	0.946786245647	0.896960922912	0.856180307757	0.765429581641	0.84735855325	0.860310260168	0.794976062864	0.811702125616	0.981381257236	0.911492789267	0.956314556729	0.81325080911	0.829415847166	0.859929337939	0.594219378311	0.661124137147	0.765975873188	0.818875263078	0.740271301653	0.917113360151	0.743470376818	0.895570262363	0.985395065578	0.735162671679	0.731686389993	0.666434026565	0.901016460627	0.958182688566	0.931906885726	0.998212208449	0.995953665662
SP_385SPI_T016	0.848876430911	0.817298741471	0.96438763921	0.991386009533	0.994297453667	0.836033020556	0.985846599229	0.777491716141	0.98781680265	0.763985981108	0.991972931227	0.885150086846	0.986944006897	0.980164194123	0.86622392927	0.738953592952	0.955338678786	0.7088613	0.975180560934	0.987175793966	0.818074837278	0.642227052381	0.657290418049	0.43895650648	0.633702678683	0.527604381901	0.838305026561	0.681934605369	0.570966821452	0.733915969434	0.0	0.683734043647	0.623262494908	0.753434296613	0.688543572108	0.607114211356	0.603816320161	0.598824315702	0.549450108525	0.56040943095	0.79127741012	0.838240306035	0.816750987374	0.692264254211	0.961420922805	0.68614410664	0.676422773335	0.621717539933	0.735852085953	0.874095010039	0.619202583736	0.694168215292	0.713763163848	0.744545874455	0.838250601804	0.990590999059	0.79615337899	0.792946387872	0.806184380618	0.811596110025	0.871747893302	0.947326027849	0.997706343732	0.994782260609
SP_303SPI_T016	0.940903972764	0.889928761267	0.996250779807	0.997563348104	0.998347397163	0.929627940891	0.996451220018	0.850452091672	0.995999108413	0.928712333376	0.997735314832	0.91566179756	0.996107207076	0.990898360184	0.956530439193	0.90166188811	0.972415694084	0.448014748257	0.984793387429	0.999588194044	0.705360920648	0.36471900486	0.791164809842	0.740960688006	0.758227574977	0.664403181234	0.909700851026	0.823150958747	0.3547521434	0.911368278698	0.683734043647	0.0	0.852434147721	0.296866215279	0.430863404507	0.636058008049	0.447972487097	0.344883735781	0.771918853529	0.795158989769	0.854763792212	0.820459326208	0.917025288942	0.642630656447	0.990690192103	0.720608596227	0.481366366857	0.797260939228	0.863711451614	0.911928305217	0.617145305816	0.850987778186	0.388538500672	0.829885341797	0.896731859929	0.986236879571	0.8935307411	0.844029112477	0.913718049836	0.790934277297	0.513430647781	0.951593828798	0.998415790489	0.998818354682
SP_387SPI_T016	0.778544939575	0.835727035571	0.996085235412	0.992131924055	0.998199162715	0.702618677178	0.993504766446	0.735435927621	0.998019290886	0.81782074818	0.998404606561	0.942566953479	0.997372638829	0.989715488841	0.812051441081	0.618370465507	0.977141125795	0.91544338869	0.993751516674	1.0	0.925639097847	0.85058276199	0.776871181526	0.622205977565	0.755245710948	0.608674839783	0.809422973843	0.75791053216	0.731077062953	0.627971759368	0.623262494908	0.852434147721	0.0	0.877317757613	0.804375123745	0.630407236869	0.626958084667	0.719934874332	0.652487427525	0.792406303309	0.807855859922	0.945214587166	0.823013863374	0.915552373474	0.991735744096	0.704864832896	0.859312482858	0.537424522661	0.717417712857	0.907129966516	0.758719981891	0.798940443422	0.875594374766	0.799538030739	0.874422955289	0.991262986063	0.817394476125	0.728495400876	0.49848642621	0.874353280074	0.877534195996	0.957850987875	1.0	0.996992970488
SP_344SPI_T016_R	0.959703676716	0.908606661758	0.989811853859	0.994889026701	0.993387420166	0.965542992092	0.996618118937	0.881797759018	0.993757162246	0.935256506746	0.991251862422	0.921158495258	0.990880170455	0.989700455233	0.962862809919	0.867697396847	0.973975117263	0.420676342983	0.984295609734	0.998226567045	0.718789648426	0.38947180703	0.857157701826	0.767798871584	0.804738565292	0.591571093325	0.936868041378	0.8491865553	0.384327455704	0.946786245647	0.753434296613	0.296866215279	0.877317757613	0.0	0.516339094236	0.657215957382	0.522499861225	0.400480423291	0.824122929909	0.848945063114	0.859234952761	0.882407115138	0.984096736892	0.658395421974	0.990505755753	0.708344661324	0.507687302701	0.818049184875	0.90296679515	0.858714324728	0.673933114101	0.890102825031	0.361001642856	0.847755179672	0.911367772708	0.999031514498	0.9248551806	0.853319415921	0.930822921531	0.811304621938	0.488395645731	0.95561640541	0.996196279252	0.998236028658
SP_343SPI_T016	0.94655955453	0.973937902116	0.998307948875	0.998818221419	0.998274292421	0.937000775611	0.998611555557	0.886288967902	0.998536069519	0.841317175621	0.998894202267	0.895593404893	0.998893348279	0.991034989235	0.969909520102	0.773592687859	0.987900676859	0.537479637757	0.984951759146	0.998191042028	0.812437403605	0.501060989574	0.896852006046	0.571467308923	0.705953343496	0.695818107762	0.929714363694	0.881965498356	0.362152027578	0.896960922912	0.688543572108	0.430863404507	0.804375123745	0.516339094236	0.0	0.701703524912	0.346016660681	0.362396220623	0.6416525586	0.877985292164	0.801072949308	0.815124583411	0.653505417001	0.611440846284	0.998645465076	0.850328861617	0.46262544915	0.797753694411	0.95108180928	0.992365957525	0.639929288225	0.676655393681	0.486123516925	0.831014686687	0.885617339589	0.998627668287	0.981850431524	0.774784313978	0.811257862944	0.716668849542	0.449788593981	0.99884169593	0.999378102452	0.999251219597
SP_324SPI_T016	0.888185119058	0.890015824196	0.997497133729	0.998052636984	0.998866553194	0.954516384328	0.998763873078	0.816514942593	0.998198963892	0.756144860531	0.998654885369	0.923414139223	0.997364812605	0.992507609483	0.931961404625	0.483883212243	0.97129769449	0.691790598455	0.99915332289	1.0	0.824517396529	0.618787408849	0.872587584527	0.565607238265	0.646619480719	0.375321153036	0.954165108345	0.594594894744	0.487509947548	0.856180307757	0.607114211356	0.636058008049	0.630407236869	0.657215957382	0.701703524912	0.0	0.611088063601	0.668659397213	0.389103680865	0.749608438488	0.760523875613	0.772137649065	0.695728574178	0.910021096443	0.993156244548	0.447162213639	0.797735279083	0.63636634239	0.888393301298	0.893427096889	0.496200982548	0.725931779846	0.767547424965	0.865915391547	0.817528277946	1.0	0.90407758294	0.774634177798	0.761092161484	0.885549902396	0.848816159478	0.955429188341	1.0	0.9992574583
SP_601SPI_T016	0.813570160533	0.876577331386	0.98857070694	0.990662541084	0.996124866907	0.864230452735	0.99232228229	0.765651372576	0.99502205822	0.8100036539	0.996552976992	0.903323621782	0.995769486579	0.988325123637	0.87811960891	0.718698571102	0.95909505662	0.521474225734	0.983736109382	0.996777395075	0.771967296846	0.461016197188	0.824801088484	0.573602127496	0.701286483175	0.582000513358	0.878202172553	0.758463956986	0.292431825623	0.765429581641	0.603816320161	0.447972487097	0.626958084667	0.522499861225	0.346016660681	0.611088063601	0.0	0.363844750617	0.528219373479	0.769962681758	0.736881059327	0.796165363413	0.723318153155	0.608713723796	0.984341022977	0.686647584431	0.502258487983	0.584672946672	0.855433724625	0.885540907981	0.609877584159	0.711013542751	0.525252816159	0.765150413158	0.833388970449	0.995092786742	0.892187756028	0.707447528354	0.767087938238	0.663397788261	0.540295605802	0.922437246221	0.998907668401	0.997320197088
SP_302SPI_T016	0.882905594778	0.865839132539	0.981506843176	0.992644261192	0.998849796211	0.892218738052	0.994503870569	0.827357381412	0.997441565246	0.851720329605	0.996406780041	0.882867679649	0.970399384988	0.981258642743	0.905388886821	0.688072299748	0.957998816128	0.498861844095	0.971056212567	0.998180011178	0.716260703278	0.406945511745	0.85697770261	0.588603713305	0.687581943786	0.588439412023	0.910169812975	0.820453631403	0.297334942812	0.84735855325	0.598824315702	0.344883735781	0.719934874332	0.400480423291	0.362396220623	0.668659397213	0.363844750617	0.0	0.623890692884	0.750117071892	0.79968232388	0.84950639159	0.832309115408	0.487162913952	0.991869765444	0.724564142295	0.52074649064	0.710782760902	0.884491133176	0.94105004528	0.680734673036	0.783444311599	0.330106916583	0.851169908777	0.846516408985	0.994939230922	0.941883055037	0.795918271746	0.758989359422	0.701873763026	0.467996864194	0.964473333116	0.986810980632	0.998610784005
SP_382SPI_T016	0.907993213491	0.884167417598	0.989726181058	0.99508469833	0.99060127447	0.944538685327	0.999016697408	0.831996472091	0.990130654289	0.739323400473	0.990956266376	0.921185888721	0.970697115885	0.980524820035	0.942996617688	0.537625036667	0.960938842645	0.826504180408	0.994401057463	0.990544547736	0.872794008221	0.754940354437	0.877802736893	0.509755390779	0.658953583933	0.534343427036	0.963629261906	0.621440046541	0.55365778008	0.860310260168	0.549450108525	0.771918853529	0.652487427525	0.824122929909	0.6416525586	0.389103680865	0.528219373479	0.623890692884	0.0	0.631490687251	0.685951561488	0.760898931912	0.578498872494	0.794590210103	0.989702139241	0.569941349079	0.804546428686	0.571901861549	0.880144621642	0.921164832676	0.58347011485	0.662945018814	0.807090528617	0.891680856372	0.746908286119	0.990802731443	0.927927187429	0.759217540695	0.741338738505	0.825102994864	0.79384209773	0.954407603638	0.987957534154	0.999178570236
SP_386SPI_T016	0.896308188348	0.789155170857	0.996795233719	0.996993222891	0.998097686193	0.907426924111	0.99718334902	0.759713172161	0.992385618929	0.845472648637	0.998631134739	0.927592166157	0.996018021308	0.986800453921	0.944451479296	0.815493363163	0.960123011817	0.844499079565	0.990224817189	0.999505726572	0.881067221719	0.755846605055	0.783875643004	0.683776311061	0.61449576199	0.720187801008	0.974113002659	0.684099253244	0.755132820417	0.794976062864	0.56040943095	0.795158989769	0.792406303309	0.848945063114	0.877985292164	0.749608438488	0.769962681758	0.750117071892	0.631490687251	0.0	0.641991794683	0.901922066742	0.905775526771	0.828934280604	0.990956892408	0.720931847835	0.780785560354	0.666365932368	0.810008231862	0.804724699489	0.691542554962	0.679336166962	0.80597013318	0.832175192884	0.746730364571	0.969220319429	0.838949244224	0.717518023588	0.814454013881	0.819167885803	0.929326780988	0.946182902622	0.995186717681	0.999171872323
SP_361SPI_T016	0.844517504183	0.945561980288	0.984608758516	0.992947248867	0.993751095958	0.878232024847	0.998893374437	0.425164075701	0.98716577148	0.785303542025	0.997028409675	0.921078512032	0.997277723973	0.97940642584	0.898697714957	0.74695635054	0.951211659118	0.909895347811	0.995862052934	0.996421308841	0.938376069964	0.837343927703	0.812299747971	0.721043403288	0.571182260211	0.729382050295	0.963395727638	0.760037184261	0.786157118931	0.811702125616	0.79127741012	0.854763792212	0.807855859922	0.859234952761	0.801072949308	0.760523875613	0.736881059327	0.79968232388	0.685951561488	0.641991794683	0.0	0.975265964787	0.840264932826	0.899120230128	0.990567840351	0.665576231907	0.656651327485	0.652709591731	0.777780442806	0.69510982027	0.682614399745	0.569507359058	0.872809932158	0.719200153517	0.681440846998	1.0	0.858663668427	0.581269454014	0.769433852665	0.71472416945	0.872859999457	0.918335191791	0.998363000866	0.998704142888
