sampleID	SP_162SPI_T016	SP_189SPI_T016	SP_161SPI_T016	SP_191SPI_T016	SP_164SPI_T016	SP_143SPI_T016	SP_101SPI_T016	SP_163SPI_T016	SP_105SPI_T016	SP_186SPI_T016_R	SP_124SPI_T016	SP_122SPI_T016	SP_132SPI_T016	SP_123SPI_T016	SP_187SPI_T016	SP_129SPI_T016	SP_184SPI_T016	SP_104SPI_T016	SP_148SPI_T016	SP_401SPI_T016	SP_144SPI_T016	SP_305SPI_T016	SP_323SPI_T016	SP_384SPI_T016	SP_304SPI_T016	SP_321SPI_T016	SP_363SPI_T016_R	SP_326SPI_T016	SP_383SPI_T016	SP_325SPI_T016	SP_385SPI_T016	SP_303SPI_T016	SP_387SPI_T016	SP_344SPI_T016_R	SP_343SPI_T016	SP_324SPI_T016	SP_601SPI_T016	SP_302SPI_T016	SP_382SPI_T016	SP_386SPI_T016	SP_361SPI_T016	SP_389SPI_T016	SP_345SPI_T016	SP_322SPI_T016	SP_283SPI_T016	SP_502SPI_T016	SP_264SPI_T016	SP_281SPI_T016	SP_285SPI_T016	SP_201SPI_T016	SP_287SPI_T016	SP_125SPI_T016	SP_261SPI_T016	SP_224SPI_T016	SP_242SPI_T016	SP_243SPI_T016	SP_286SPI_T016	SP_230SPI_T016	SP_282SPI_T016	SP_222SPI_T016	SP_262SPI_T016	SP_284SPI_T016	SP_381SPI_T016	SP_602SPI_T016	SP_344SPT_T016	SP_383SPT_T016	SP_384SPT_T016	SP_386SPT_T016	SP_305SPT_T016	SP_387SPT_T016	SP_322SPT_T016	SP_385SPT_T016	SP_345SPT_T016	SP_382SPT_T016	SP_302SPT_T016	SP_321SPT_T016	SP_323SPT_T016	SP_388SPT_T016	SP_303SPT_T016	SP_324SPT_T016	SP_343SPT_T016_R	SP_361SPT_T016	SP_282SPT_T016_R	SP_241SPT_T016	SP_242SPT_T016_R	SP_283SPT_T016	SP_381SPT_T016	SP_287SPT_T016	SP_503SPT_T016	SP_261SPT_T016	SP_288SPT_T016	SP_502SPT_T016	SP_224SPT_T016	SP_201SPT_T016	SP_221SPT_T016_R	SP_285SPT_T016	SP_262SPT_T016	SP_284SPT_T016	SP_286SPT_T016	SP_164SPT_T016	SP_163SPT_T016	SP_403SPT_T016	SP_162SPT_T016	SP_184SPT_T016	SP_187SPT_T016_R	SP_143SPT_T016	SP_123SPT_T016	SP_401SPT_T016	SP_133SPT_T016	SP_402SPT_T016	SP_132SPT_T016	SP_129SPT_T016	SP_122SPT_T016
SP_162SPI_T016	0.0	0.779869137346	0.784792198384	0.773856729948	0.75066297643	0.820549078981	0.930511590402	0.742968113584	0.849326735355	0.70478665732	0.857891064016	0.877175359256	0.849544543603	0.816090048095	0.723040962278	0.863374753328	0.910214643648	0.942342085738	0.735109673706	0.733098228373	0.983879047613	0.948183398135	0.866721348437	0.900947792649	0.905980975121	0.869988384407	0.864679661838	0.893893340508	0.905389130761	0.716822772294	0.848876430911	0.940903972764	0.778544939575	0.959703676716	0.94655955453	0.888185119058	0.813570160533	0.882905594778	0.907993213491	0.896308188348	0.844517504183	0.839333252604	0.942921255274	0.979256881849	0.899281839547	0.843544734773	0.936110599545	0.737952378312	0.82446006946	0.893101436188	0.85981760073	0.898289780214	0.940829214096	0.691618371443	0.851127684879	0.802216967486	0.850974844262	0.82740355491	0.799866107226	0.879725728275	0.950883691135	0.844906257169	0.817010908545	0.793944640032	0.851727769255	0.888054621784	0.916620788614	0.78234324103	0.804361359541	0.799414113125	0.728225563742	0.947485684786	0.798209960449	0.778052326328	0.949154850982	0.786808219144	0.856990237587	0.572619981552	0.889927049471	0.959804279541	0.95692235228	0.987581923447	0.822770399213	0.971035117642	0.658361802222	0.747731778127	0.765711183615	0.512713505494	0.853951738364	0.862733238481	0.753013293867	0.814570639666	0.958657893581	0.771548385712	0.843026753066	0.886737393856	0.931825579186	0.936739877052	0.948181122902	0.701993788607	0.701721704408	0.762732552507	0.554902598297	0.903393867133	0.787905657513	0.891825651893	0.722025778653	0.795510541477	0.754985073897	0.955242430012	0.782767117018	0.910840091196	0.76081524302
SP_189SPI_T016	0.779869137346	0.0	0.897904029462	0.983162711999	0.981903585234	0.863371747045	0.973348933214	0.857968253507	0.925062901404	0.912610398791	0.942535081766	0.936525178833	0.971358402161	0.907159979418	0.835271184929	0.893931408668	0.947296465592	0.894416577757	0.946781339446	0.960244415177	0.908227281026	0.895826068299	0.855942291382	0.894098244421	0.674771955861	0.851209110856	0.901405826984	0.804967049217	0.888825146828	0.752303066334	0.817298741471	0.889928761267	0.835727035571	0.908606661758	0.973937902116	0.890015824196	0.876577331386	0.865839132539	0.884167417598	0.789155170857	0.945561980288	0.858689256672	0.939362199939	0.977075903405	0.917618639345	0.873818267754	0.920056614726	0.769754661476	0.679691279148	0.766644342188	0.859324654921	0.732537788305	0.880107667166	0.894710473474	0.940959791912	0.88952922215	0.920615854488	0.859155817412	0.864115649523	0.975527938875	0.980393231096	0.975948440652	0.994912349543	0.987714151504	0.908563546315	0.893435114197	0.97293171766	0.867431551002	0.988822525293	0.853249408773	0.862359990141	0.975749829898	0.871650577092	0.906380186726	0.990756507299	0.857469509932	0.814745575469	0.882006006575	0.903828611238	0.969224040154	0.980632963962	0.959105725751	0.821334319254	0.982124602329	0.916076183577	0.810599936219	0.830956668179	0.812252636935	0.885629566033	0.69500697622	0.975983812253	0.844843877298	0.916723281883	0.990454139975	0.922997345695	0.846616893774	0.936613835696	0.992426190052	0.923349096381	0.979978272237	0.793632710975	0.92293814986	0.874332911339	0.891499226365	0.914113525284	0.914037495626	0.861224158766	0.905601934637	0.841012051961	0.999020574425	0.96968643321	0.954568970258	0.872496150324
SP_161SPI_T016	0.784792198384	0.897904029462	0.0	0.896630364685	0.809823659947	0.882425841042	0.946610846372	0.887461138491	0.796129700822	0.877506374092	0.79677015161	0.825318484212	0.82468397821	0.812855945206	0.821589737875	0.988953229793	0.875204978074	0.99346921902	0.849219288139	0.819472640828	0.980514941957	0.995919926819	0.971833666993	0.970998149483	0.986900519599	0.962534459654	0.854910601471	0.9882723373	0.975538911125	0.888753855827	0.96438763921	0.996250779807	0.996085235412	0.989811853859	0.998307948875	0.997497133729	0.98857070694	0.981506843176	0.989726181058	0.996795233719	0.984608758516	0.915900169103	0.973989298199	0.999962981682	0.766184917582	0.989594304579	0.994858025383	0.955050923198	0.974559782065	0.991995114506	0.984108261461	0.986976385589	0.967301009862	0.914788533632	0.931232780979	0.909214857094	0.978408195333	0.966666448802	0.982417234477	0.998896142661	0.999738278523	0.940484754967	0.915429153377	0.934896946185	0.80471214768	0.844338163672	0.786098066326	0.80113204069	0.847116175665	0.944728136959	0.914480769273	0.925297118868	0.726870779616	0.838661822414	0.974662398055	0.796470620197	0.994047628979	0.88348068123	0.85504982492	0.879661867788	0.969135109625	0.992766168598	0.692250711846	0.886505946884	0.724392108333	0.800506314937	0.723928050201	0.805589791604	0.864367985906	0.881707872616	0.789217017224	0.742120221341	0.995687204955	0.926531875627	0.78489821206	0.99200380963	0.937860503853	0.945455813664	0.934925587187	0.899611848292	0.779830974507	0.957364045282	0.496242545954	0.970384800448	0.79182022568	0.703868908552	0.855472056826	0.903928243845	0.918996234423	0.972931625973	0.953160775264	0.976093836182	0.884275904589
SP_191SPI_T016	0.773856729948	0.983162711999	0.896630364685	0.0	0.865520433404	0.884455140036	0.645639924834	0.971941394501	0.891409460574	0.952093599621	0.787591218284	0.775946166415	0.791224262301	0.953468381776	0.975657817617	0.99171618656	0.972307883633	0.99665748472	0.957663828806	0.869679398201	0.999998947826	0.996264133515	0.990814339779	0.989297349769	0.99578640653	0.989622213747	0.951115278308	0.991291221301	0.996605564459	0.990421103309	0.991386009533	0.997563348104	0.992131924055	0.994889026701	0.998818221419	0.998052636984	0.990662541084	0.992644261192	0.99508469833	0.996993222891	0.992947248867	0.866788837149	0.995838485501	1.0	0.977809965525	0.990229090608	0.991197275934	0.982732352465	0.989017742715	0.990354345134	0.992988004688	0.990405224936	0.988290386959	0.955456167548	0.966503907096	0.996342060235	0.997416114538	0.983405533165	0.992094088233	0.994123181119	0.998911676266	0.953453794884	0.416476125947	0.913911286084	0.921603239649	0.987099998338	0.923696602316	0.858701683855	0.764744024451	0.990052907499	0.97663302276	0.969352061695	0.930577186465	0.832099266512	0.642893817914	0.895195576587	0.990157270855	0.850857052636	0.997555597126	0.995621823464	0.984586648533	0.997129443163	0.960398345748	0.985082295308	0.773580636301	0.908814697767	0.81492205056	0.739813340718	0.952590057435	0.974604914909	0.899033497131	0.956558469239	0.995769635352	0.899346693993	0.908267652671	0.990359963505	0.99234625983	0.959406487927	0.998533022598	0.937381363636	0.88788346386	0.978890748876	0.835870242785	0.98912394526	0.750638996556	0.899162953605	0.9651516689	0.902227828219	0.99068763605	0.977866288442	0.98551496881	0.99293565936	0.987455369689
SP_164SPI_T016	0.75066297643	0.981903585234	0.809823659947	0.865520433404	0.0	0.981261278	0.79043371032	0.938088216285	0.727787845885	0.724170203715	0.684197352913	0.755058531147	0.609930659376	0.878192771904	0.925809452037	0.994142806441	0.846526379495	0.998362286656	0.711254432109	0.641782825963	0.944200599264	0.997863062783	0.996909288242	0.993688956351	0.99807023788	0.995851279014	0.812577130249	0.997235347275	0.998409047009	0.996851535714	0.994297453667	0.998347397163	0.998199162715	0.993387420166	0.998274292421	0.998866553194	0.996124866907	0.998849796211	0.99060127447	0.998097686193	0.993751095958	0.744762944839	0.995321483608	1.0	0.967299011972	0.997158900746	0.997551144571	0.987568558073	0.995118641548	0.997342090876	0.998028418489	0.991008280883	0.874936021902	0.6993864018	0.9166024505	0.738002965866	0.99732827369	0.990624494041	0.998877652987	0.999872688448	0.999982800188	0.898781828854	0.860864960016	0.766679438726	0.648886001528	0.987636990407	0.726501278984	0.736312371766	0.599376596642	0.975801361151	0.961169599487	0.815740941601	0.758784597865	0.729705800399	0.80715869462	0.663151915916	0.996011800962	0.624105571934	0.998360498602	0.736831905262	0.958491392997	0.84196529472	0.788914324067	0.651892918447	0.532584542751	0.898955281428	0.740259615387	0.867058728121	0.942310888589	0.961119079277	0.386469821519	0.872664693375	0.996994498493	0.799642011776	0.379151647731	0.996869260543	0.891169279884	0.67826114689	0.999734289237	0.762625449531	0.858204327862	0.961981302359	0.760369556901	0.992413104107	0.657530626575	0.698377068965	0.94757603637	0.797623879435	0.992874276583	0.662796795967	0.865544863386	0.998239622554	0.991603385489
SP_143SPI_T016	0.820549078981	0.863371747045	0.882425841042	0.884455140036	0.981261278	0.0	0.866384958945	0.79698067355	0.977364707365	0.870309469018	0.913878948869	0.850482756278	0.888575764826	0.932206973849	0.713833629748	0.870439602713	0.898964869117	0.911237389013	0.896157180657	0.95557592282	0.974552577083	0.920670824183	0.770186749914	0.805996039702	0.921640472495	0.875189742531	0.74428580142	0.954420577806	0.879420573825	0.718605066493	0.836033020556	0.929627940891	0.702618677178	0.965542992092	0.937000775611	0.954516384328	0.864230452735	0.892218738052	0.944538685327	0.907426924111	0.878232024847	0.931518897408	0.966533757096	0.979766896755	0.887788183534	0.902052648677	0.882032177088	0.81279883243	0.797939574051	0.928201269306	0.86442073508	0.933373364194	0.946433058138	0.786408104537	0.901222339255	0.956962542901	0.775679672439	0.874520074776	0.853237042165	0.898458620897	0.984141610364	0.940627070141	0.890861342765	0.982692402584	0.944871154838	0.85255476479	0.940236330413	0.894716197905	0.965106920276	0.762165363537	0.832817984595	0.969403195127	0.901736388426	0.859569456172	0.893673602432	0.831908710518	0.865389390643	0.860542240946	0.828785528555	0.999751717107	0.92253771178	0.978442944022	0.897605133608	0.965326766514	0.916000039544	0.894345722936	0.84995869657	0.736434129953	0.818309326505	0.886499963696	0.957838764079	0.909001856353	0.875496567978	0.985919408491	0.93782007018	0.903784780141	0.955845213323	0.987702279416	0.887699691147	0.985080293018	0.771841502672	0.756569229053	0.931192276615	0.802603256918	0.753237661936	0.879583213923	0.699899828426	0.938271574008	0.780421141625	0.987250312418	0.952198983888	0.888291862755	0.757377633054
SP_101SPI_T016	0.930511590402	0.973348933214	0.946610846372	0.645639924834	0.79043371032	0.866384958945	0.0	0.969424683032	0.94175171998	0.836386937923	0.792237473059	0.778595467295	0.795245243675	0.937131851664	0.946774273851	0.99233796401	0.931789911637	0.995435429667	0.970203964214	0.849186563169	0.979483208678	0.995225998331	0.986057351604	0.967059302064	0.996943819159	0.971786932642	0.855132830472	0.993076865253	0.998906852137	0.967527960054	0.985846599229	0.996451220018	0.993504766446	0.996618118937	0.998611555557	0.998763873078	0.99232228229	0.994503870569	0.999016697408	0.99718334902	0.998893374437	0.99292102793	0.984640472958	0.999772718339	0.983650300329	0.996695383144	0.994704431397	0.98042674313	0.971268101698	0.995290494851	0.997276242323	0.992694807062	0.986887268152	0.940010013104	0.962209883441	0.978219773374	0.969237212317	0.997250467617	0.99900539236	0.999709207764	0.980460669454	0.910316992087	0.608295414272	0.882515016914	0.859501598626	0.976283744208	0.986022083429	0.9045196849	0.881640294114	0.95358505507	0.982100051935	0.942147982255	0.835251898422	0.825483891058	0.59306863209	0.926547446079	0.997435237944	0.873151914552	0.994624959785	0.975173607856	0.983637875364	0.995122015496	0.955397564245	0.97038265791	0.882798114422	0.879662279907	0.901175359211	0.907091338943	0.978498892301	0.965004547418	0.784916266844	0.968201702945	0.994749348546	0.89610049539	0.779139496357	0.984507551099	0.970417415263	0.961056297674	0.994936124571	0.907516980295	0.940494297673	0.975942453542	0.960554748824	0.966880097233	0.825255209742	0.946211532679	0.928902477329	0.88493028446	0.985676431634	0.92318717475	0.959500290174	0.9886969107	0.966482512744
SP_163SPI_T016	0.742968113584	0.857968253507	0.887461138491	0.971941394501	0.938088216285	0.79698067355	0.969424683032	0.0	0.94378396077	0.816959956603	0.937189782344	0.898915816913	0.92154031675	0.898673153681	0.81199443555	0.828533601861	0.849660334585	0.878505181576	0.882095100373	0.954593243892	0.880318954145	0.817230889723	0.790197723878	0.79990930043	0.677681053543	0.793771351551	0.868589208273	0.744988924507	0.825935433335	0.773501455831	0.777491716141	0.850452091672	0.735435927621	0.881797759018	0.886288967902	0.816514942593	0.765651372576	0.827357381412	0.831996472091	0.759713172161	0.425164075701	0.910438087984	0.932341734142	0.954911606045	0.946757187484	0.729039815038	0.676152746368	0.688844673851	0.75752871454	0.728298536981	0.689470710586	0.705276860893	0.852936916848	0.738839977596	0.843312876418	0.890112177028	0.815885358957	0.645642005761	0.780802158096	0.870631261203	0.926351936037	0.909181579468	0.987687195079	0.98091977177	0.953257772261	0.863765605281	0.862802241655	0.90766567774	0.968196385309	0.820194990432	0.545046753651	0.913007580507	0.88254549769	0.821526630596	0.951732317348	0.824424341899	0.714825544893	0.832564808076	0.894846778106	0.920871165229	0.692309082687	0.928242400709	0.84317676208	0.926936326475	0.892521323941	0.88813551786	0.89632994938	0.717493252797	0.912784584695	0.55082347598	0.921323846483	0.823209121383	0.889687164417	0.979364845193	0.916339817262	0.712037085692	0.916728670894	0.946295688747	0.973287543906	0.976060790311	0.5625762495	0.742778320246	0.890513422433	0.801566132736	0.7959573405	0.897147878138	0.822094764267	0.920804160263	0.800132259575	0.951897987924	0.935775371153	0.899929788082	0.828394529432
SP_105SPI_T016	0.849326735355	0.925062901404	0.796129700822	0.891409460574	0.727787845885	0.977364707365	0.94175171998	0.94378396077	0.0	0.918512905869	0.462150490859	0.555288506898	0.846190642666	0.893141440311	0.921313771744	0.992887027512	0.919464868014	0.995822650392	0.911259560324	0.850800034696	0.988459482376	0.997468690684	0.988396110716	0.985881443572	0.997413464479	0.995053275504	0.963007140998	0.99299514509	0.997130242525	0.989692065692	0.98781680265	0.995999108413	0.998019290886	0.993757162246	0.998536069519	0.998198963892	0.99502205822	0.997441565246	0.990130654289	0.992385618929	0.98716577148	0.944316895098	0.994055843212	1.0	0.951583960289	0.997091461116	0.996130389947	0.970597700331	0.987422244076	0.995172003922	0.994639955768	0.987573536274	0.963736032261	0.914551570297	0.955826480928	0.950037847898	0.988720767106	0.989292435008	0.998276631136	1.0	0.999943733159	0.965756195427	0.845613304399	0.887084123971	0.569584706057	0.953433813762	0.529553703915	0.853636877706	0.832773704197	0.967604660965	0.937046919565	0.937912345141	0.878528823744	0.64121028255	0.961431925182	0.75093187987	0.995375992313	0.924329569069	0.994550846501	0.868835077556	0.990336319602	0.988425470724	0.595491562705	0.75907337249	0.73527158073	0.797842685935	0.643997196063	0.8380681931	0.93040377466	0.930365979263	0.761394848065	0.906250608468	0.99473622052	0.899642072874	0.782170274561	0.995124625196	0.975599413198	0.962488221399	0.994915693417	0.922433051293	0.934013866456	0.958418184196	0.910745375514	0.985164331604	0.739754407868	0.550533747688	0.950812682961	0.935884636425	0.974965984087	0.962161321155	0.951466953282	0.99809474497	0.984851185597
SP_186SPI_T016_R	0.70478665732	0.912610398791	0.877506374092	0.952093599621	0.724170203715	0.870309469018	0.836386937923	0.816959956603	0.918512905869	0.0	0.916203015214	0.837123225981	0.795755489876	0.889972947905	0.834882432596	0.742208734024	0.843328739391	0.926878579209	0.687842441513	0.837729936251	0.968558525707	0.927084549119	0.875920183218	0.734486634927	0.798515688325	0.754897232308	0.707901010208	0.76700451701	0.835889843722	0.883228077777	0.763985981108	0.928712333376	0.81782074818	0.935256506746	0.841317175621	0.756144860531	0.8100036539	0.851720329605	0.739323400473	0.845472648637	0.785303542025	0.962748169347	0.762804805316	0.954684928588	0.961136338661	0.735144322253	0.879127187826	0.787772970239	0.901538007107	0.924152580755	0.853340206369	0.756142704701	0.906961766649	0.759770930606	0.756212264076	0.771094358633	0.897695731818	0.828125370745	0.879734666987	0.897082137018	0.942443807446	0.805798233041	0.955931631482	0.789895647294	0.89746720409	0.92574571099	0.939254730449	0.882079210944	0.883123881457	0.86492323299	0.842308807788	0.897908147802	0.672907457346	0.78563140424	0.975386735982	0.809759231482	0.883677722506	0.633778817995	0.920655106094	0.980903914166	0.871823629964	0.980600954137	0.897207766985	0.960991890049	0.717635001397	0.905435613302	0.840807391497	0.834500916241	0.885667829947	0.835732121505	0.724735220258	0.826288925701	0.95202853474	0.846500712768	0.808424884655	0.909928438363	0.87873343725	0.920490020157	0.978169105381	0.732895414535	0.81249120813	0.843007760658	0.786626700754	0.739147221133	0.732374077738	0.854131232087	0.894449005831	0.802356377083	0.843240197673	0.975703469727	0.666941726997	0.72275798803	0.932403318209
SP_124SPI_T016	0.857891064016	0.942535081766	0.79677015161	0.787591218284	0.684197352913	0.913878948869	0.792237473059	0.937189782344	0.462150490859	0.916203015214	0.0	0.539416124058	0.556137934351	0.873692690926	0.939469314016	0.997529483769	0.896703522866	0.998117921352	0.903656878496	0.745203144108	0.987627688808	0.997675324189	0.991853082883	0.986374329351	0.997573094722	0.994355885845	0.951962816752	0.995439701816	0.996832466345	0.994197514118	0.991972931227	0.997735314832	0.998404606561	0.991251862422	0.998894202267	0.998654885369	0.996552976992	0.996406780041	0.990956266376	0.998631134739	0.997028409675	0.960626966249	0.993845755484	1.0	0.952601148633	0.997698542106	0.997646826593	0.955563731897	0.989694337366	0.994694188617	0.996386635483	0.992691691318	0.972389802283	0.923281856143	0.963410028883	0.958579908578	0.993355717504	0.989625017453	0.998592105946	1.0	0.99997706123	0.910946240786	0.756747206223	0.880908697381	0.54431518092	0.943534155514	0.62323868094	0.823077066283	0.814251550313	0.975464732597	0.930817960191	0.94403392809	0.819559658729	0.598431462118	0.821268590875	0.779413189092	0.995144453922	0.919933264583	0.994213963472	0.851827832609	0.974935426489	0.985018047706	0.581925124985	0.679003532865	0.739345378707	0.805956932271	0.611547757927	0.793382226716	0.903271685526	0.933067648229	0.701638275941	0.897746067985	0.997413013894	0.854894963783	0.705278729689	0.994022566531	0.967459016339	0.793367550847	0.988595603185	0.913170222547	0.909678343844	0.981756906101	0.915172173511	0.986273844306	0.584680035505	0.510360521179	0.937708973978	0.856522254213	0.968499474833	0.895608078219	0.949197746583	0.99858671338	0.988423940095
SP_122SPI_T016	0.877175359256	0.936525178833	0.825318484212	0.775946166415	0.755058531147	0.850482756278	0.778595467295	0.898915816913	0.555288506898	0.837123225981	0.539416124058	0.0	0.707463021654	0.903870951202	0.92017793066	0.908893441063	0.90682375093	0.926321093789	0.908395481616	0.825588362794	0.943694720824	0.901464828112	0.913273841397	0.858650884212	0.913561551324	0.86322793827	0.875546375427	0.959660908511	0.904473834651	0.922675676478	0.885150086846	0.91566179756	0.942566953479	0.921158495258	0.895593404893	0.923414139223	0.903323621782	0.882867679649	0.921185888721	0.927592166157	0.921078512032	0.936828144317	0.938687308169	0.921847885378	0.951994728932	0.947778691289	0.885297234417	0.906045408262	0.931933430095	0.964591472455	0.885658456719	0.912247058845	0.874007574481	0.849952065229	0.90273698836	0.971935664971	0.965938097584	0.903160516475	0.921585108448	0.942923240567	0.945381262273	0.956345747063	0.67282644502	0.803800835705	0.737364144843	0.946052177916	0.726518813387	0.845086766643	0.840094372786	0.955842382586	0.844741501664	0.94377349401	0.861226182222	0.531104188003	0.880968845244	0.711153519297	0.896646555168	0.881300456342	0.936047411175	0.876131979778	0.948474247964	0.936845692107	0.758569339452	0.887181969524	0.771779911622	0.778425722927	0.625144661296	0.748812940784	0.901735954056	0.886827187802	0.762091784217	0.907818592608	0.92867529489	0.895435900353	0.803217426606	0.913230186225	0.977936072796	0.968226521195	0.99549463199	0.929648726322	0.849826509212	0.954763456986	0.928188189198	0.861456548641	0.608806104345	0.69109382172	0.915159214407	0.916959086729	0.955276309161	0.971502112739	0.974928076101	0.937843229005	0.952104316848
SP_132SPI_T016	0.849544543603	0.971358402161	0.82468397821	0.791224262301	0.609930659376	0.888575764826	0.795245243675	0.92154031675	0.846190642666	0.795755489876	0.556137934351	0.707463021654	0.0	0.869574584044	0.923007193138	0.996197879891	0.812662892587	0.996863113644	0.737366524018	0.801491280067	0.940289214782	0.996784624168	0.987604456134	0.989785931657	0.987609401241	0.986956754021	0.796599923546	0.99426445834	0.979738641385	0.993837594129	0.986944006897	0.996107207076	0.997372638829	0.990880170455	0.998893348279	0.997364812605	0.995769486579	0.970399384988	0.970697115885	0.996018021308	0.997277723973	0.733016890154	0.931133912919	1.0	0.943490558291	0.978227910993	0.996877897717	0.960551937577	0.993089488041	0.986913868268	0.985444376696	0.986004319112	0.879680644389	0.789329556496	0.933193647632	0.731331555373	0.992014853076	0.963559383795	0.982661117434	1.0	0.950868895547	0.900267332347	0.793486423939	0.831463375647	0.811796680218	0.94652703128	0.79430227742	0.824428876478	0.783207340611	0.964455962234	0.960651060506	0.774545834498	0.769511136929	0.796340425229	0.702986054993	0.569271387066	0.99453780851	0.596798500827	0.982209628228	0.669507985513	0.940011303101	0.797363240067	0.799914375435	0.740694740651	0.704409446049	0.856460580261	0.713061565436	0.793083431228	0.899787866112	0.94124365542	0.730989081073	0.82260190457	0.994090487363	0.886086788794	0.561980047826	0.97778862388	0.826553395348	0.444863637862	0.980916210309	0.861463708191	0.837071485351	0.980118590897	0.820523350738	0.989577118452	0.544824457228	0.734160774238	0.927365504185	0.809093047253	0.948221748167	0.749356166176	0.852919744251	0.977019409803	0.989426806254
SP_123SPI_T016	0.816090048095	0.907159979418	0.812855945206	0.953468381776	0.878192771904	0.932206973849	0.937131851664	0.898673153681	0.893141440311	0.889972947905	0.873692690926	0.903870951202	0.869574584044	0.0	0.59518442259	0.985779710098	0.89356178401	0.992607068391	0.863522155493	0.874247168678	0.975570205623	0.988706725606	0.984293630329	0.967640969696	0.984633115481	0.958607584712	0.916798705322	0.990077630115	0.984793150186	0.95163432352	0.980164194123	0.990898360184	0.989715488841	0.989700455233	0.991034989235	0.992507609483	0.988325123637	0.981258642743	0.980524820035	0.986800453921	0.97940642584	0.944532444829	0.98532088411	0.994178517669	0.900650940308	0.989154132905	0.988486179951	0.974902478577	0.988639363223	0.989438575341	0.981453651789	0.979572425259	0.95147495133	0.893889086235	0.951245193151	0.869548624798	0.989074283042	0.97639664118	0.984689432182	0.995255529896	0.994516366756	0.922491324606	0.942508498022	0.953033377676	0.871339061995	0.729704446167	0.916487978893	0.861969880366	0.938295172999	0.954543021433	0.95790643033	0.923550291982	0.827163981905	0.929482401349	0.933931911883	0.878991815561	0.987557713114	0.895191037596	0.927874055737	0.936615121033	0.977237379248	0.970301522008	0.859753761128	0.806234341175	0.8238708052	0.88775935222	0.867170780938	0.896504978617	0.917851728802	0.918298897329	0.874060308816	0.718268698181	0.991871821448	0.925744774131	0.854871257799	0.988406208812	0.904787970436	0.938420129344	0.952870395118	0.909440896735	0.870508492916	0.973028070397	0.806410187193	0.966415362035	0.882668643383	0.870179524039	0.904691764141	0.860718326111	0.939589873191	0.935485005225	0.912212920837	0.979362900024	0.952138071774
SP_187SPI_T016	0.723040962278	0.835271184929	0.821589737875	0.975657817617	0.925809452037	0.713833629748	0.946774273851	0.81199443555	0.921313771744	0.834882432596	0.939469314016	0.92017793066	0.923007193138	0.59518442259	0.0	0.877043251481	0.881872707341	0.939131165201	0.900731502391	0.913238512079	0.986080429434	0.952120907724	0.816555934984	0.88227105736	0.928357913925	0.880646121781	0.786100885745	0.940184398326	0.940561440906	0.633621155574	0.86622392927	0.956530439193	0.812051441081	0.962862809919	0.969909520102	0.931961404625	0.87811960891	0.905388886821	0.942996617688	0.944451479296	0.898697714957	0.94004954062	0.967832463605	0.999620586548	0.852732799901	0.911201979663	0.910640427978	0.775473305308	0.763673046573	0.927807874592	0.884908951065	0.929925661205	0.944559790441	0.733090975138	0.909666959756	0.884616703109	0.774818844085	0.867069722689	0.835252091482	0.944642144932	0.988677280477	0.935218963428	0.984745776421	0.951799162827	0.880631988218	0.683228487048	0.933713553369	0.836809630227	0.952709290142	0.66505539302	0.766372343776	0.949809602501	0.889896707634	0.900298562142	0.978856372015	0.778885198196	0.868363333769	0.799830128109	0.871132444504	0.950881330576	0.941482615259	0.989001673247	0.843009812248	0.800201325014	0.835408961359	0.787664087351	0.823513220327	0.699263475239	0.86039137374	0.848767554091	0.9076799044	0.721787776663	0.935533681975	0.96283788254	0.894326687377	0.879718989329	0.935299335373	0.96993576788	0.915379848759	0.955772007931	0.808993965524	0.829592666326	0.861014752354	0.8807038057	0.811067605618	0.803365560849	0.614920028083	0.901467700184	0.726338592719	0.971319125113	0.952582124517	0.942793403429	0.656468816493
SP_129SPI_T016	0.863374753328	0.893931408668	0.988953229793	0.99171618656	0.994142806441	0.870439602713	0.99233796401	0.828533601861	0.992887027512	0.742208734024	0.997529483769	0.908893441063	0.996197879891	0.985779710098	0.877043251481	0.0	0.96813441347	0.918148289291	0.991951925897	0.995343374185	0.935044856697	0.869884365735	0.881456698555	0.538966595209	0.709668845482	0.522572280669	0.936955276999	0.397580192165	0.690574054228	0.826884226713	0.738953592952	0.90166188811	0.618370465507	0.867697396847	0.773592687859	0.483883212243	0.718698571102	0.688072299748	0.537625036667	0.815493363163	0.74695635054	0.968616959003	0.719083401782	0.861744924794	0.989122863756	0.555282598876	0.862291525986	0.654792361379	0.86053954014	0.929369934044	0.766340008479	0.747112892943	0.862961090455	0.824780431953	0.849730802858	0.989268177286	0.928305929874	0.768217261074	0.718354678864	0.874738278294	0.877348318908	0.964147789553	0.999196516639	0.994049101667	0.98184597142	0.953668483186	0.995397066181	0.958100671483	0.999786652931	0.908443316071	0.759380599699	0.996532202622	0.965956469286	0.814552949382	0.998573768927	0.908394594317	0.716092696125	0.888350326195	0.952510601933	0.999272602691	0.952077173326	0.9698092148	0.958849734716	0.998440735678	0.992986306197	0.953595552242	0.9431194022	0.863154658521	0.96262412615	0.894702956561	0.99399719348	0.975869705664	0.911961965446	0.987443157647	0.998615800018	0.752123908486	0.996937870216	1.0	0.998414659209	0.992371707597	0.865411862424	0.915594588379	0.987591484384	0.558529251112	0.908709894045	0.996080776491	0.8891233713	0.980281691128	0.908887036148	1.0	0.92246495754	0.690989070426	0.897331326945
SP_184SPI_T016	0.910214643648	0.947296465592	0.875204978074	0.972307883633	0.846526379495	0.898964869117	0.931789911637	0.849660334585	0.919464868014	0.843328739391	0.896703522866	0.90682375093	0.812662892587	0.89356178401	0.881872707341	0.96813441347	0.0	0.971135397506	0.755664527917	0.898569638478	0.829266555026	0.974655629384	0.947348347689	0.953061624073	0.960231395506	0.949475935587	0.9069213279	0.966271218538	0.938782836782	0.9511892742	0.955338678786	0.972415694084	0.977141125795	0.973975117263	0.987900676859	0.97129769449	0.95909505662	0.957998816128	0.960938842645	0.960123011817	0.951211659118	0.91058016945	0.97038426664	0.997135759459	0.956026028238	0.959757384677	0.963614401281	0.943247929516	0.957877170224	0.96705095919	0.952640863475	0.96113763158	0.880728379794	0.818913090915	0.912561930086	0.86352429979	0.964454738125	0.934332472319	0.951279171046	0.983692616813	0.940170228045	0.9485817908	0.969977375652	0.965296628634	0.926722853186	0.910848619781	0.796211693566	0.890761624763	0.912531592015	0.937388498756	0.928484099922	0.794892379941	0.776446420395	0.910726101635	0.891202104318	0.734226053727	0.962579637972	0.824552635253	0.955764141984	0.796426268561	0.872846419052	0.900541523665	0.875321608612	0.853477184007	0.795333611495	0.925849887378	0.866968431595	0.92064087591	0.85911995233	0.90475697828	0.835693764749	0.848874349294	0.969908104593	0.94225570955	0.813925917443	0.962968725368	0.826846219361	0.864570411054	0.973685714595	0.953175217123	0.812984806178	0.963133900251	0.906278272305	0.955862702865	0.795743548129	0.819125038216	0.892990451573	0.896482052719	0.859360710554	0.881061608784	0.887441400348	0.904860092168	0.94625556526
SP_104SPI_T016	0.942342085738	0.894416577757	0.99346921902	0.99665748472	0.998362286656	0.911237389013	0.995435429667	0.878505181576	0.995822650392	0.926878579209	0.998117921352	0.926321093789	0.996863113644	0.992607068391	0.939131165201	0.918148289291	0.971135397506	0.0	0.986989596751	0.999491038528	0.714970125378	0.243020738524	0.853058087024	0.755045690329	0.814909008976	0.653436248015	0.888916496171	0.880996145992	0.370704094394	0.908302878867	0.7088613	0.448014748257	0.91544338869	0.420676342983	0.537479637757	0.691790598455	0.521474225734	0.498861844095	0.826504180408	0.844499079565	0.909895347811	0.773633503359	0.970137210632	0.659497354773	0.987465488113	0.78816440801	0.387294404995	0.864319249367	0.920417536321	0.959857008688	0.494555553398	0.881072717839	0.498679306656	0.8275176	0.920704103648	0.997574	0.939814756578	0.901228465616	0.8824956	0.780466258509	0.637741367871	0.96353159944	1.0	0.998141028197	0.989725763641	0.981139670135	0.995625455577	0.985291196443	0.999254185402	0.934990575497	0.892192711628	0.999625667015	0.980196754542	0.872474764174	0.999005262023	0.9738998229	0.507187796881	0.958183620338	0.872034083883	1.0	0.948629176146	0.945860054327	0.985836765671	0.999345511555	0.998894409108	0.982934627279	0.983343975229	0.921782235926	0.979339927503	0.88762951052	0.999244639432	0.96248746901	0.516509748349	0.997092868877	0.999491456219	0.602708228489	0.998331466851	0.999491075652	0.9963453	0.997605988689	0.623994793278	0.948053430294	0.994172005327	0.747541228464	0.927286667339	0.998242777618	0.948476318713	0.980909975314	0.942709908594	0.999490646449	0.990425795541	0.62291421596	0.950201099378
SP_148SPI_T016	0.735109673706	0.946781339446	0.849219288139	0.957663828806	0.711254432109	0.896157180657	0.970203964214	0.882095100373	0.911259560324	0.687842441513	0.903656878496	0.908395481616	0.737366524018	0.863522155493	0.900731502391	0.991951925897	0.755664527917	0.986989596751	0.0	0.807559570377	0.861964119909	0.986524267103	0.974371205137	0.960663799143	0.989459891976	0.978782557917	0.866522739559	0.995115639033	0.956249720556	0.989713848666	0.975180560934	0.984793387429	0.993751516674	0.984295609734	0.984951759146	0.99915332289	0.983736109382	0.971056212567	0.994401057463	0.990224817189	0.995862052934	0.833157772283	0.974080387213	0.985286650459	0.936064810369	0.992016404835	0.984226179724	0.988059061336	0.995605705251	0.993993729372	0.97343957731	0.993334743321	0.86721196651	0.813102509258	0.895923843647	0.605931233345	0.992690142572	0.956494194927	0.983396939365	0.983284539334	0.985350160525	0.914059066984	0.959618797451	0.736763530488	0.882706923364	0.918536454482	0.825038620444	0.900008269937	0.94952441352	0.957100807043	0.973407843817	0.839523225044	0.700063459838	0.905886874188	0.868595621455	0.794628135465	0.985739022173	0.587385674544	0.955417712136	0.841267795808	0.75662249936	0.857778581923	0.894866071315	0.863275671657	0.726265601504	0.902556188821	0.849838161333	0.918994524385	0.735142491559	0.928068975126	0.658133808276	0.838589882449	0.982004871089	0.749325920372	0.783943721944	0.996277529085	0.766213274419	0.835350754691	0.950373379722	0.668116077485	0.82825943452	0.965589243192	0.651537821242	0.960799702631	0.735292391998	0.767084299869	0.953836234674	0.820693311091	0.877035267947	0.876967364568	0.729569217596	0.91746649757	0.97409901309
SP_401SPI_T016	0.733098228373	0.960244415177	0.819472640828	0.869679398201	0.641782825963	0.95557592282	0.849186563169	0.954593243892	0.850800034696	0.837729936251	0.745203144108	0.825588362794	0.801491280067	0.874247168678	0.913238512079	0.995343374185	0.898569638478	0.999491038528	0.807559570377	0.0	0.977295142163	0.998384290287	0.993864455765	0.992253202557	0.998007970334	0.999705211367	0.794202002413	0.997516329529	0.999842578906	0.996993099452	0.987175793966	0.999588194044	1.0	0.998226567045	0.998191042028	1.0	0.996777395075	0.998180011178	0.990544547736	0.999505726572	0.996421308841	0.898423035527	0.994882983909	1.0	0.941978187259	1.0	0.999798422763	0.987922456665	0.99564724094	0.998180264422	0.999649697208	0.994692101637	0.961891637589	0.894520531875	0.940040427354	0.871635010817	0.994286538651	0.990011220096	1.0	1.0	1.0	0.767708533939	0.877304465648	0.846639988338	0.774891217182	0.985926156664	0.882826126318	0.803756290821	0.819527092034	0.955712444806	0.961529003802	0.834044461612	0.824760744066	0.828091720357	0.609296224966	0.814256941581	0.997205969016	0.810460957704	0.9681119085	0.919752301547	0.988752303059	0.963715369605	0.889226057736	0.903803774233	0.617759120849	0.878943683624	0.783366764669	0.887506219094	0.924515201545	0.907994095119	0.671770460617	0.898075230025	0.999002431504	0.817528709391	0.644839485467	0.998179645018	0.939008222907	0.840651663054	0.96850354383	0.764231692764	0.888922811636	0.951544205433	0.786423941454	0.992614336571	0.820760564606	0.832373945016	0.955859107054	0.708615739127	0.965256061702	0.591761176526	0.913070932293	1.0	0.992749108741
SP_144SPI_T016	0.983879047613	0.908227281026	0.980514941957	0.999998947826	0.944200599264	0.974552577083	0.979483208678	0.880318954145	0.988459482376	0.968558525707	0.987627688808	0.943694720824	0.940289214782	0.975570205623	0.986080429434	0.935044856697	0.829266555026	0.714970125378	0.861964119909	0.977295142163	0.0	0.714274442818	0.937217686198	0.790360464149	0.85656583965	0.809254193873	0.8969442849	0.924652798404	0.688907018517	0.969387778196	0.818074837278	0.705360920648	0.925639097847	0.718789648426	0.812437403605	0.824517396529	0.771967296846	0.716260703278	0.872794008221	0.881067221719	0.938376069964	0.822500026627	0.976651045635	0.834423591186	0.996082401404	0.837494908893	0.80514610279	0.889535307055	0.957850521017	0.997706174392	0.807009917454	0.957562683196	0.664257854177	0.849641288888	0.920466597991	0.886755659851	0.992380687885	0.943081722463	0.931973043107	0.761862322475	0.732515801868	1.0	0.998551536927	0.997989258708	0.997250337452	0.994595388354	0.932844488829	0.996367723237	0.991423002975	0.969415746638	0.930620726282	0.764224211193	0.965235914899	0.915501030497	0.944995422353	0.942779923041	0.690339259571	0.8829959421	0.915595218283	0.834462292187	0.963872206315	0.878320857193	0.961658563352	0.942111376895	0.986894168623	0.999671716358	0.975391030798	0.981825259086	0.999741175781	0.894826457671	0.935185503657	0.963775690483	0.783224145384	0.951169677535	0.940794206403	0.829465855697	0.611435029151	0.92031393223	1.0	0.994683507696	0.664172834525	0.990610093531	0.961269340116	0.78216995646	0.908378620375	0.968666048632	0.964226133026	0.968730911858	0.99151510288	0.944902815623	0.984501344291	0.805040795833	0.95779533581
SP_305SPI_T016	0.948183398135	0.895826068299	0.995919926819	0.996264133515	0.997863062783	0.920670824183	0.995225998331	0.817230889723	0.997468690684	0.927084549119	0.997675324189	0.901464828112	0.996784624168	0.988706725606	0.952120907724	0.869884365735	0.974655629384	0.243020738524	0.986524267103	0.998384290287	0.714274442818	0.0	0.793071064761	0.706167135012	0.710601691715	0.65297267874	0.918381968064	0.823429334305	0.340238089094	0.891449161764	0.642227052381	0.36471900486	0.85058276199	0.38947180703	0.501060989574	0.618787408849	0.461016197188	0.406945511745	0.754940354437	0.755846605055	0.837343927703	0.751815589783	0.951117787053	0.619558657299	0.992195124787	0.737019003571	0.392112250494	0.791129510812	0.84562296623	0.84556120501	0.47356609753	0.781323861462	0.416675382239	0.841139181347	0.901858555462	0.999248019562	0.884399668726	0.808790805503	0.856531274679	0.803540838823	0.605864441608	0.95548739528	0.999915174168	0.997322331853	0.985980227759	0.98217211199	0.996444463789	0.982551953691	0.999266516257	0.926792520474	0.782981633345	0.999621173319	0.980597084768	0.815126172998	0.999137298982	0.970550652252	0.510470398078	0.944900838348	0.864478924723	0.999770425731	0.890878277448	0.935351802331	0.986907063469	0.999392901249	0.997788787583	0.982992876828	0.982571583967	0.909311315992	0.980642976264	0.823300586378	0.999310771967	0.926638402006	0.500010077417	0.993139119114	0.999745566759	0.579211855951	0.998154432147	0.999652712941	0.999563095165	0.996538085314	0.560937148808	0.919786291547	0.996619241653	0.687470774447	0.90400404668	0.998127893971	0.946153424341	0.980193779321	0.890191467914	0.999890898216	0.997105401655	0.6055862825	0.944459822861
